[app/ui]
version = 6.1.4
modtime = 1421720592.276826300

[app/launcher]
version = 6.1.4
modtime = 1421720592.296356300

[app/package/check_for_updates]
version = 6.1.4
modtime = 1421720592.312956800
